# starting frame num, ending frame num, "A"
# frame showing score, "Score", total score, difficulty score

7144 7285 A
7551 Score 88.00 3.2
8429 8577 A
9043 Score 86.40 3.2
9786 9956 A
10340 Score 75.20 3.2 
11225 11404 A
11773 Score 72.00 3.2
12640 12805 A
13143 Score 72.00 3.2
13939 14089 A
14567 Score 73.50 3.0
16762 16912 A
17348 Score 77.40 3.6 
18043 18180 A
18541 Score 61.50 3.0
19479 19630 A
20068 Score 81.60 3.2
20623 20773 A
21227 Score 72.00 3.0
22315 22453 A
22718 Score 67.20 3.2
23886 24059 A
24587 Score 89.10 3.3
25251 25405 A
25701 Score 73.50 3.0
26359 26504 A
26995 Score 76.50 3.0
27654 27810 A
27951 Score 81.60 3.2
28804 28958 A
29242 Score 72.50 2.9
30183 30348 A
30641 Score 76.80 3.2
31581 31744 A
32127 Score 59.40 3.6
33132 33293 A
33569 Score 81.60 3.2
34685 34835 A
35130 Score 81.40 3.7
36213 36371 A
36677 Score 76.80 3.2
37443 37594 A
38031 Score 58.50 3.0 
40279 40433 A
40827 Score 81.00 3.6
41691 41840 A
42272 Score 86.40 3.2
43004 43148 A
43448 Score 81.60 3.2
44212 44358 A
44532 Score 72.00 3.0
45750 45922 A
46427 Score 73.80 3.6
47227 47385 A
47658 Score 51.20 3.2
48282 48432 A
48603 Score 76.50 3.0
49857 50012 A 
50441 Score 66.00 3.3
53196 53332 A
53687 Score 91.80 3.4
54366 54546 A
54944 Score 74.25 3.3
58177 58328 A
58653 Score 39.60 3.3
59525 59686 A 
59937 Score 72.00 3.2
61143 61343 A
61723 Score 79.20 3.3
62502 62643 A
62972 Score 72.00 3.2
63998 64144 A
64578 Score 86.40 3.2
65310 65460 A
65766 Score 83.25 3.7
66610 66747 A
67110 Score 67.20 3.2 
68122 68272 A
68608 Score 86.95 3.7
69418 69563 A
70047 Score 81.70 3.8 
71038 71192 A
71480 Score 79.20 3.6
74428 74576 A
75055 Score 76.50 3.0
75935 76076 A
76337 Score 76.80 3.2
77405 77548 A
77872 Score 62.40 3.2
78601 78749 A
79230 Score 68.45 3.7 
80084 80259 A
80571 Score 85.80 3.3
81932 82069 A
82355 Score 81.60 3.2
83262 83437 A
83747 Score 21.60 3.6
84605 84750 A
85048 Score 71.75 3.5
86090 86238 A
86747 Score 73.60 3.2
87932 88034 A
88211 Score 99.75 3.5 
88850 89001 A
89298 Score 88.80 3.7
90208 90368 A
90622 Score 76.80 3.2
91657 91802 A
92215 Score 78.40 3.2
96008 96140 A
96596 Score 40.00 3.2
98658 98806 A
99110 Score 66.00 3.0
99820 100000 A
100527 Score 100.80 3.6
102431 102582 A
102980 Score 83.25 3.7
103646 103792 A
103958 Score 52.50 3.0
105320 105468 A
105823 Score 18.15 3.3
107401 107537 A
107943 Score 76.80 3.2
108725 108891 A
109311 Score 87.45 3.3
110298 110473 A
110961 Score 64.80 3.6
112057 112220 A
112647 Score 57.60 3.6
113537 113647 A
113978 Score 52.80 3.3
115171 115351 A
115818 Score 82.50 3.3
118600 118750 A
119188 Score 80.00 3.2
120050 120190 A
120583 Score 81.60 3.2
121305 121479 A
121867 Score 64.35 3.3
122854 122994 A
123303 Score 81.60 3.2
124145 124314 A
124712 Score 72.60 3.3
125750 125918 A
126358 Score 55.80 3.6
127194 127355 A
127560 Score 29.70 3.3
130596 130738 A
131024 Score 77.70 3.7
132021 132167 A
132541 Score 92.80 3.2
133469 133596 A
134018 Score 37.95 3.3
134728 134876 A
135373 Score 88.80 3.7
136154 136328 A
136802 Score 94.05 3.3
137743 137885 A
138208 Score 92.75 3.5
140990 141121 A
141454 Score 89.25 3.5
142278 142453 A
142767 Score 54.45 3.3
143558 143717 A
143917 Score 39.60 3.3
144873 145021 A
145514 Score 94.35 3.7
148468 148644 A
148917 Score 84.15 3.3
150919 151057 A
151613 Score 73.60 3.2
152362 152522 A
152953 Score 74.25 3.3
155145 155323 A
155668 Score 37.95 3.3
156974 157121 A
157477 Score 64.00 3.2
158366 158534 A
158932 Score 84.60 3.6
159926 160066 A
160438 Score 70.40 3.2
162708 162877 A
163377 Score 37.70 2.9
164577 164723 A
165042 Score 77.40 3.6
166366 166520 A
166832 Score 98.40 4.1
167890 167997 A
168385 Score 69.30 3.3
172103 172286 A
172746 Score 41.25 3.3
174841 174981 A
175301 Score 67.50 3.0
176123 176299 A
176730 Score 74.25 3.3
177971 178119 A
178504 Score 81.00 3.6
179578 179741 A
180169 Score 79.20 3.3
181170 181320 A
181690 Score 95.20 3.4
182228 182376 A
182791 Score 77.70 3.7
183547 183711 A
184138 Score 44.55 3.3
184980 185140 A
185487 Score 86.40 3.6
186371 186525 A
186816 Score 91.80 3.6
189211 189355 A
189813 Score 83.25 3.7
190675 190850 A
191206 Score 54.45 3.3
192304 192454 A
192618 Score 75.60 3.6
193685 193871 A
194303 Score 77.55 3.3
196552 196732 A
197012 Score 34.65 3.3
198031 198187 A
198619 Score 91.80 3.6
199399 199575 A
200021 Score 84.15 3.3
200810 200956 A
201153 Score 47.25 3.5
202116 202281 A
202653 Score 66.00 3.3
203433 203607 A
203996 Score 56.10 3.3
205371 205548 A
205874 Score 74.25 3.3
206746 206900 A
207419 Score 81.00 3.6
209597 209778 A
210145 Score 89.10 3.3
210945 211123 A
211448 Score 72.00 3.2
212621 212790 A
213002 Score 48.60 3.6
214248 214407 A
214758 Score 84.15 3.3
215680 215857 A
216234 Score 64.35 3.3
217305 217450 A
217866 Score 66.00 3.3
220333 220495 A
220654 Score 37.95 3.3
223180 223337 A
223714 Score 49.50 3.3
224737 224888 A
225315 Score 96.35 4.1
228094 228265 A
228575 Score 79.20 3.3
229356 229530 A
229904 Score 79.20 3.3
230455 230639 A
231144 Score 80.85 3.3
231973 232143 A
232448 Score 81.00 3.6
233122 233266 A
233697 Score 99.90 3.7
234320 234492 A
234726 Score 89.10 3.3
235847 236024 A
236433 Score 61.05 3.3
238721 238865 A
239220 Score 61.50 3.0
240156 240315 A
240682 Score 66.00 3.3
250963 251122 A
251276 Score 51.15 3.3
252321 252488 A
252763 Score 73.60 3.2
255284 255435 A
255790 Score 94.35 3.7
256863 257033 A
257488 Score 84.60 3.6
258338 258512 A
258942 Score 81.00 3.6
260025 260167 A
260508 Score 68.80 3.2
261814 261981 A
262385 Score 86.40 3.6
263264 263413 A
263699 Score 66.60 3.7
264808 264977 A
265402 Score 86.40 3.6
266613 266780 A
267229 Score 84.60 3.6
268041 268188 A
268533 Score 72.00 3.2
269691 269852 A
270271 Score 60.45 3.1
272466 272630 A
272935 Score 69.30 3.3
273864 274030 A
274477 Score 84.60 3.6
275415 275561 A
275907 Score 79.80 3.8
278535 278711 A
279014 Score 93.60 3.6
279768 279936 A
280256 Score 72.60 3.3
281109 281285 A
281878 Score 70.20 3.6
282791 282960 A
283280 Score 97.20 3.6
284138 284306 A
284634 Score 81.00 3.6
285709 285867 A
286147 Score 64.35 3.3
288812 288984 A
289259 Score 75.20 3.2
290158 290302 A
290437 Score 46.80 3.6
291805 291972 A
292345 Score 70.20 3.6

